ppm1=5
ppm2=5
min_spectrums_num=3
max_spectrums_num=16
common_ion=[257.11722,243.10157,229.08592,227.07027]
min_abundance=0
any_ion=True
top_n=5